 MAGMOM = 24*0 12*0 3.0 0.0 0.0 -3.0 3.67394039744e-16 0.0 1.83697019872e-16 3.0 0.0 1.83697019872e-16 -3.0 0.0 72*0
 MAGMOM = 24*0 12*0 2.89777747887 0.776457135308 0.0 -2.89777747887 -0.776457135308 0.0 -0.776457135308 2.89777747887 0.0 0.776457135308 -2.89777747887 0.0 72*0
 MAGMOM = 24*0 12*0 2.59807621135 1.5 0.0 -2.59807621135 -1.5 0.0 -1.5 2.59807621135 0.0 1.5 -2.59807621135 0.0 72*0
 MAGMOM = 24*0 12*0 2.12132034356 2.12132034356 0.0 -2.12132034356 -2.12132034356 0.0 -2.12132034356 2.12132034356 0.0 2.12132034356 -2.12132034356 0.0 72*0
 MAGMOM = 24*0 12*0 1.5 2.59807621135 0.0 -1.5 -2.59807621135 0.0 -2.59807621135 1.5 0.0 2.59807621135 -1.5 0.0 72*0
 MAGMOM = 24*0 12*0 0.776457135308 2.89777747887 0.0 -0.776457135308 -2.89777747887 0.0 -2.89777747887 0.776457135308 0.0 2.89777747887 -0.776457135308 0.0 72*0
 MAGMOM = 24*0 12*0 1.83697019872e-16 3.0 0.0 -5.51091059616e-16 -3.0 0.0 -3.0 3.67394039744e-16 0.0 3.0 0.0 0.0 72*0
 MAGMOM = 24*0 12*0 -0.776457135308 2.89777747887 0.0 0.776457135308 -2.89777747887 0.0 -2.89777747887 -0.776457135308 0.0 2.89777747887 0.776457135308 0.0 72*0
 MAGMOM = 24*0 12*0 -1.5 2.59807621135 0.0 1.5 -2.59807621135 0.0 -2.59807621135 -1.5 0.0 2.59807621135 1.5 0.0 72*0
 MAGMOM = 24*0 12*0 -2.12132034356 2.12132034356 0.0 2.12132034356 -2.12132034356 0.0 -2.12132034356 -2.12132034356 0.0 2.12132034356 2.12132034356 0.0 72*0
 MAGMOM = 24*0 12*0 -2.59807621135 1.5 0.0 2.59807621135 -1.5 0.0 -1.5 -2.59807621135 0.0 1.5 2.59807621135 0.0 72*0
 MAGMOM = 24*0 12*0 -2.89777747887 0.776457135308 0.0 2.89777747887 -0.776457135308 0.0 -0.776457135308 -2.89777747887 0.0 0.776457135308 2.89777747887 0.0 72*0
 MAGMOM = 24*0 12*0 -3.0 3.67394039744e-16 0.0 3.0 -7.34788079488e-16 0.0 -5.51091059616e-16 -3.0 0.0 1.83697019872e-16 3.0 0.0 72*0
 MAGMOM = 24*0 12*0 -2.89777747887 -0.776457135308 0.0 2.89777747887 0.776457135308 0.0 0.776457135308 -2.89777747887 0.0 -0.776457135308 2.89777747887 0.0 72*0
 MAGMOM = 24*0 12*0 -2.59807621135 -1.5 0.0 2.59807621135 1.5 0.0 1.5 -2.59807621135 0.0 -1.5 2.59807621135 0.0 72*0
 MAGMOM = 24*0 12*0 -2.12132034356 -2.12132034356 0.0 2.12132034356 2.12132034356 0.0 2.12132034356 -2.12132034356 0.0 -2.12132034356 2.12132034356 0.0 72*0
 MAGMOM = 24*0 12*0 -1.5 -2.59807621135 0.0 1.5 2.59807621135 0.0 2.59807621135 -1.5 0.0 -2.59807621135 1.5 0.0 72*0
 MAGMOM = 24*0 12*0 -0.776457135308 -2.89777747887 0.0 0.776457135308 2.89777747887 0.0 2.89777747887 -0.776457135308 0.0 -2.89777747887 0.776457135308 0.0 72*0
 MAGMOM = 24*0 12*0 -5.51091059616e-16 -3.0 0.0 9.18485099361e-16 3.0 0.0 3.0 -7.34788079488e-16 0.0 -3.0 3.67394039744e-16 0.0 72*0
 MAGMOM = 24*0 12*0 0.776457135308 -2.89777747887 0.0 -0.776457135308 2.89777747887 0.0 2.89777747887 0.776457135308 0.0 -2.89777747887 -0.776457135308 0.0 72*0
 MAGMOM = 24*0 12*0 1.5 -2.59807621135 0.0 -1.5 2.59807621135 0.0 2.59807621135 1.5 0.0 -2.59807621135 -1.5 0.0 72*0
 MAGMOM = 24*0 12*0 2.12132034356 -2.12132034356 0.0 -2.12132034356 2.12132034356 0.0 2.12132034356 2.12132034356 0.0 -2.12132034356 -2.12132034356 0.0 72*0
 MAGMOM = 24*0 12*0 2.59807621135 -1.5 0.0 -2.59807621135 1.5 0.0 1.5 2.59807621135 0.0 -1.5 -2.59807621135 0.0 72*0
 MAGMOM = 24*0 12*0 2.89777747887 -0.776457135308 0.0 -2.89777747887 0.776457135308 0.0 0.776457135308 2.89777747887 0.0 -0.776457135308 -2.89777747887 0.0 72*0
