structure_id,thermal_pk_no,ltc4, ltc5,ltc6,ltc7,ltc8, ltc9
mp-149, 197320, 8.18605044e+01, 7.90587211e+01
mp-463, 67170,7.31313422e+00, 7.25491292e+00, 7.28114961e+00
mp-286, 70325, 7.38043945e+00, 8.74758940e+00, 9.02450407e+00
mp-830, 72039, 3.35264611e+02, 3.58937448e+02, 3.68909175e+02, 3.72591003e+02, 3.72691752e+02
mp-22862, 91699, 6.44824175e+00, 6.40518782e+00, 6.43492759e+00
mp-1000, 85993, 7.14183088e+00, 7.28871012e+00, 7.28871012e+00
mp-422,  187245, 1.28146460e+02, 1.27259954e+02
mp-252, 187311, 1.75862373e+02, 1.75094956e+02
mp-971, 85957, 3.23210704e+00, 3.32267566e+00
mp-682, 86249, 2.10305474e+01, 2.11620852e+01, 2.12968932e+01, 2.12189553e+01, 2.12189553e+01
mp-1087, 87250, 8.20301065e+00, 8.70422798e+00, 8.90749802e+00, 9.14736050e+00, 9.09512637e+00, 9.10121918e+00
mp-2472, 87854, 7.79457197e+00, 8.33185233e+00, 8.66893035e+00, 8.65021488e+00, 8.66698540e+00 
mp-2605, 87992, 2.26551650e+01, 2.30388040e+01, 2.33735802e+01, 2.33195865e+01, 2.33583262e+01
mp-7140, 88463, 9.21834954e+03, 9.28057522e+03
mp-981, 88586, 6.95302539e+00, 7.46909137e+00, 7.56131255e+00 
mp-1394, 88747, 3.22822144e+00, 3.61044089e+00, 3.66833402e+00, 3.68415545e+00  
mp-1138, 89733, 1.56629609e+01, 1.59622511e+01, 1.59918707e+01, 1.59916084e+01 
mp-23193, 90390, 5.90278735e+00, 5.59679965e+00, 5.19617121e+00 
mp-1315,  190715, 1.85985808e+01, 1.84598669e+01 
mp-1265, 190837, 5.72610451e+01, 5.79085292e+01, 5.71176260e+01, 5.71883857e+01 
