MAGMOM = 24*0 12*0 -2.121 -2.121 0.0 -2.121 2.121 0.0 2.121 -2.121 0.0 2.121 2.121 0.0 72*0
MAGMOM = 24*0 12*0 -2.121 -2.121 0.0 -2.121 2.121 0.0 2.121 2.121 0.0 2.121 -2.121 0.0 72*0
MAGMOM = 24*0 12*0 -2.121 -2.121 0.0 2.121 -2.121 0.0 -2.121 2.121 0.0 2.121 2.121 0.0 72*0
MAGMOM = 24*0 12*0 -2.121 -2.121 0.0 2.121 -2.121 0.0 2.121 2.121 0.0 -2.121 2.121 0.0 72*0
MAGMOM = 24*0 12*0 -2.121 -2.121 0.0 2.121 2.121 0.0 -2.121 2.121 0.0 2.121 -2.121 0.0 72*0
MAGMOM = 24*0 12*0 -2.121 -2.121 0.0 2.121 2.121 0.0 2.121 -2.121 0.0 -2.121 2.121 0.0 72*0
MAGMOM = 24*0 12*0 -2.121 2.121 0.0 -2.121 -2.121 0.0 2.121 -2.121 0.0 2.121 2.121 0.0 72*0
MAGMOM = 24*0 12*0 -2.121 2.121 0.0 -2.121 -2.121 0.0 2.121 2.121 0.0 2.121 -2.121 0.0 72*0
MAGMOM = 24*0 12*0 -2.121 2.121 0.0 2.121 -2.121 0.0 -2.121 -2.121 0.0 2.121 2.121 0.0 72*0
MAGMOM = 24*0 12*0 -2.121 2.121 0.0 2.121 -2.121 0.0 2.121 2.121 0.0 -2.121 -2.121 0.0 72*0
MAGMOM = 24*0 12*0 -2.121 2.121 0.0 2.121 2.121 0.0 -2.121 -2.121 0.0 2.121 -2.121 0.0 72*0
MAGMOM = 24*0 12*0 -2.121 2.121 0.0 2.121 2.121 0.0 2.121 -2.121 0.0 -2.121 -2.121 0.0 72*0
MAGMOM = 24*0 12*0 2.121 -2.121 0.0 -2.121 -2.121 0.0 -2.121 2.121 0.0 2.121 2.121 0.0 72*0
MAGMOM = 24*0 12*0 2.121 -2.121 0.0 -2.121 -2.121 0.0 2.121 2.121 0.0 -2.121 2.121 0.0 72*0
MAGMOM = 24*0 12*0 2.121 -2.121 0.0 -2.121 2.121 0.0 -2.121 -2.121 0.0 2.121 2.121 0.0 72*0
MAGMOM = 24*0 12*0 2.121 -2.121 0.0 -2.121 2.121 0.0 2.121 2.121 0.0 -2.121 -2.121 0.0 72*0
MAGMOM = 24*0 12*0 2.121 -2.121 0.0 2.121 2.121 0.0 -2.121 -2.121 0.0 -2.121 2.121 0.0 72*0
MAGMOM = 24*0 12*0 2.121 -2.121 0.0 2.121 2.121 0.0 -2.121 2.121 0.0 -2.121 -2.121 0.0 72*0
MAGMOM = 24*0 12*0 2.121 2.121 0.0 -2.121 -2.121 0.0 -2.121 2.121 0.0 2.121 -2.121 0.0 72*0
MAGMOM = 24*0 12*0 2.121 2.121 0.0 -2.121 -2.121 0.0 2.121 -2.121 0.0 -2.121 2.121 0.0 72*0
MAGMOM = 24*0 12*0 2.121 2.121 0.0 -2.121 2.121 0.0 -2.121 -2.121 0.0 2.121 -2.121 0.0 72*0
MAGMOM = 24*0 12*0 2.121 2.121 0.0 -2.121 2.121 0.0 2.121 -2.121 0.0 -2.121 -2.121 0.0 72*0
MAGMOM = 24*0 12*0 2.121 2.121 0.0 2.121 -2.121 0.0 -2.121 -2.121 0.0 -2.121 2.121 0.0 72*0
MAGMOM = 24*0 12*0 2.121 2.121 0.0 2.121 -2.121 0.0 -2.121 2.121 0.0 -2.121 -2.121 0.0 72*0
